78.9389025263 78.9389025263 38.1305048829 90.0 90.0 90.0 P4/mmm
78.9798926967 78.9798926967 38.1119625636 90.0 90.0 90.0 P4/mmm
78.9302728167 78.9302728167 38.1588276261 90.0 90.0 90.0 P4/mmm
78.9379192967 78.9379192967 38.1035178362 90.0 90.0 90.0 P4/mmm
78.8336083177 78.8336083177 38.0435007381 90.0 90.0 90.0 P4/mmm
78.9182553731 78.9182553731 38.0844780429 90.0 90.0 90.0 P4/mmm
78.8605200522 78.8605200522 38.1177434486 90.0 90.0 90.0 P4/mmm
78.8856635189 78.8856635189 38.0683892909 90.0 90.0 90.0 P4/mmm
78.9727395209 78.9727395209 38.1179454911 90.0 90.0 90.0 P4/mmm
78.8658413013 78.8658413013 38.1156005056 90.0 90.0 90.0 P4/mmm
79.0208127107 79.0208127107 38.194722017 90.0 90.0 90.0 P4/mmm
79.0147903981 79.0147903981 38.1321504248 90.0 90.0 90.0 P4/mmm
78.9253044919 78.9253044919 38.0898995326 90.0 90.0 90.0 P4/mmm
79.0224354767 79.0224354767 38.1743666129 90.0 90.0 90.0 P4/mmm
78.9531077533 78.9531077533 38.0953389919 90.0 90.0 90.0 P4/mmm
79.0562450206 79.0562450206 38.1925644506 90.0 90.0 90.0 P4/mmm
78.9369495026 78.9369495026 38.0945451537 90.0 90.0 90.0 P4/mmm
78.7747087885 78.7747087885 38.0820551811 90.0 90.0 90.0 P4/mmm
79.0838652388 79.0838652388 38.1712422907 90.0 90.0 90.0 P4/mmm
78.8687833159 78.8687833159 38.143334542 90.0 90.0 90.0 P4/mmm
78.9474996399 78.9474996399 38.0599123108 90.0 90.0 90.0 P4/mmm
78.8577227987 78.8577227987 38.0594252023 90.0 90.0 90.0 P4/mmm
78.9599424592 78.9599424592 38.1171953659 90.0 90.0 90.0 P4/mmm
78.8368636815 78.8368636815 38.0393551599 90.0 90.0 90.0 P4/mmm
78.7500786716 78.7500786716 38.0730565725 90.0 90.0 90.0 P4/mmm
79.0128208804 79.0128208804 38.1980123705 90.0 90.0 90.0 P4/mmm
78.8199351342 78.8199351342 38.1424840844 90.0 90.0 90.0 P4/mmm
79.0199631744 79.0199631744 38.1460328183 90.0 90.0 90.0 P4/mmm
78.7729882893 78.7729882893 38.0529679061 90.0 90.0 90.0 P4/mmm
78.9567927088 78.9567927088 38.1212379411 90.0 90.0 90.0 P4/mmm
78.8700347999 78.8700347999 38.0812782956 90.0 90.0 90.0 P4/mmm
78.8963358923 78.8963358923 38.0742361958 90.0 90.0 90.0 P4/mmm
79.0985714371 79.0985714371 38.174360777 90.0 90.0 90.0 P4/mmm
78.8072787489 78.8072787489 37.9059808639 90.0 90.0 90.0 P4/mmm
79.1028015285 79.1028015285 38.1880756818 90.0 90.0 90.0 P4/mmm
78.8824686959 78.8824686959 38.1022698188 90.0 90.0 90.0 P4/mmm
79.0998913636 79.0998913636 38.220004775 90.0 90.0 90.0 P4/mmm
79.0070543728 79.0070543728 38.1303550238 90.0 90.0 90.0 P4/mmm
78.9901831059 78.9901831059 38.1427978538 90.0 90.0 90.0 P4/mmm
78.9168855641 78.9168855641 38.1148347386 90.0 90.0 90.0 P4/mmm
78.7617982986 78.7617982986 38.00469101 90.0 90.0 90.0 P4/mmm
79.0255748674 79.0255748674 38.137634362 90.0 90.0 90.0 P4/mmm
78.976799602 78.976799602 38.1232445507 90.0 90.0 90.0 P4/mmm
78.8209246572 78.8209246572 38.0342268385 90.0 90.0 90.0 P4/mmm
78.9777537793 78.9777537793 38.1312091652 90.0 90.0 90.0 P4/mmm
79.1207101075 79.1207101075 38.1446009402 90.0 90.0 90.0 P4/mmm
78.7801291726 78.7801291726 38.052066629 90.0 90.0 90.0 P4/mmm
79.0164669919 79.0164669919 38.1406615098 90.0 90.0 90.0 P4/mmm
79.0691923962 79.0691923962 38.2711110442 90.0 90.0 90.0 P4/mmm
79.0343375717 79.0343375717 38.1524733286 90.0 90.0 90.0 P4/mmm
78.9309864208 78.9309864208 38.1076291843 90.0 90.0 90.0 P4/mmm
79.0748834706 79.0748834706 38.171371625 90.0 90.0 90.0 P4/mmm
78.7438758125 78.7438758125 37.9551254535 90.0 90.0 90.0 P4/mmm
79.0439496717 79.0439496717 38.1790585092 90.0 90.0 90.0 P4/mmm
78.8330547508 78.8330547508 38.0449895091 90.0 90.0 90.0 P4/mmm
79.0253023195 79.0253023195 38.1833437153 90.0 90.0 90.0 P4/mmm
78.9881032515 78.9881032515 38.0587892335 90.0 90.0 90.0 P4/mmm
78.8478332714 78.8478332714 38.0925775421 90.0 90.0 90.0 P4/mmm
79.1312376028 79.1312376028 38.2572720065 90.0 90.0 90.0 P4/mmm
79.0258741334 79.0258741334 38.1766681916 90.0 90.0 90.0 P4/mmm
78.9333482818 78.9333482818 38.0803442748 90.0 90.0 90.0 P4/mmm
79.0293231607 79.0293231607 38.1482361511 90.0 90.0 90.0 P4/mmm
78.7167614813 78.7167614813 37.9585571782 90.0 90.0 90.0 P4/mmm
78.9225614831 78.9225614831 38.0947027688 90.0 90.0 90.0 P4/mmm
78.9345203589 78.9345203589 38.0704385078 90.0 90.0 90.0 P4/mmm
78.9192063998 78.9192063998 38.0972096757 90.0 90.0 90.0 P4/mmm
78.8705021409 78.8705021409 38.0945202257 90.0 90.0 90.0 P4/mmm
78.7742362605 78.7742362605 38.0446729806 90.0 90.0 90.0 P4/mmm
78.9362195991 78.9362195991 38.1249944839 90.0 90.0 90.0 P4/mmm
78.8834674483 78.8834674483 38.1528779912 90.0 90.0 90.0 P4/mmm
78.8296720573 78.8296720573 38.1167628787 90.0 90.0 90.0 P4/mmm
79.0700385706 79.0700385706 38.161482156 90.0 90.0 90.0 P4/mmm
78.9447809195 78.9447809195 38.0540018131 90.0 90.0 90.0 P4/mmm
78.89637193 78.89637193 38.1066058481 90.0 90.0 90.0 P4/mmm
79.0922119318 79.0922119318 38.2016659173 90.0 90.0 90.0 P4/mmm
78.9005488365 78.9005488365 38.1360627118 90.0 90.0 90.0 P4/mmm
80.2535097128 80.2535097128 36.9761858363 90.0 90.0 90.0 P4/mmm
78.9529863438 78.9529863438 38.1277422326 90.0 90.0 90.0 P4/mmm
78.8861421679 78.8861421679 38.1572548535 90.0 90.0 90.0 P4/mmm
78.6831808064 78.6831808064 38.0121145156 90.0 90.0 90.0 P4/mmm
79.087517628 79.087517628 38.1905473243 90.0 90.0 90.0 P4/mmm
79.0061022026 79.0061022026 38.1280844608 90.0 90.0 90.0 P4/mmm
78.9972705849 78.9972705849 38.1348364205 90.0 90.0 90.0 P4/mmm
78.9374043191 78.9374043191 38.0801117474 90.0 90.0 90.0 P4/mmm
78.9672051973 78.9672051973 38.151634699 90.0 90.0 90.0 P4/mmm
78.7051897817 78.7051897817 37.9924337694 90.0 90.0 90.0 P4/mmm
79.0745327776 79.0745327776 38.2135890141 90.0 90.0 90.0 P4/mmm
78.8341485631 78.8341485631 38.0812527768 90.0 90.0 90.0 P4/mmm
79.1667461174 79.1667461174 38.1886623549 90.0 90.0 90.0 P4/mmm
78.6898511798 78.6898511798 37.9989174543 90.0 90.0 90.0 P4/mmm
78.7053336168 78.7053336168 38.0347925842 90.0 90.0 90.0 P4/mmm
79.0829070803 79.0829070803 38.191147371 90.0 90.0 90.0 P4/mmm
78.9076233946 78.9076233946 38.0434329449 90.0 90.0 90.0 P4/mmm
78.9023031085 78.9023031085 38.1135281463 90.0 90.0 90.0 P4/mmm
79.0923409766 79.0923409766 38.1738285002 90.0 90.0 90.0 P4/mmm
79.0208554008 79.0208554008 38.1482581701 90.0 90.0 90.0 P4/mmm
79.0454956209 79.0454956209 38.193307768 90.0 90.0 90.0 P4/mmm
79.0190860863 79.0190860863 38.1714383561 90.0 90.0 90.0 P4/mmm
78.9878432086 78.9878432086 38.0976932913 90.0 90.0 90.0 P4/mmm
